layout_spectrum: 0.9199785
typography_spectrum: 0.3835682
color:
  saturation: 0.9618689
  brandStrength: 0.3308794
  lightness: 0.09398496
  rhythmicContrast: 0.8995703
name: Shelleys collection
